#
#
#  Percent Identity  Matrix - created by Clustal2.1 
#
#

     1: immh103MV2  100.00   80.77   90.08   76.92   71.54   96.92   90.08   76.15   76.92   76.92
     2: immh149MV5   80.77  100.00   76.15   90.08   80.15   81.25   76.15   91.54   90.08   90.08
     3: immh159MU5   90.08   76.15  100.00   77.69   70.99   91.47  100.00   75.19   76.92   76.92
     4: naih111      76.92   90.08   77.69  100.00   80.30   78.29   77.69   90.84   93.13   93.13
     5: preh118      71.54   80.15   70.99   80.30  100.00   70.77   70.99   78.79   80.15   80.15
     6: preh119      96.92   81.25   91.47   78.29   70.77  100.00   91.47   76.15   78.12   78.12
     7: preh138MV4   90.08   76.15  100.00   77.69   70.99   91.47  100.00   75.19   76.92   76.92
     8: preh146      76.15   91.54   75.19   90.84   78.79   76.15   75.19  100.00   92.31   92.31
     9: preh149MU5   76.92   90.08   76.92   93.13   80.15   78.12   76.92   92.31  100.00  100.00
    10: preh149MU7   76.92   90.08   76.92   93.13   80.15   78.12   76.92   92.31  100.00  100.00
